changedcardsdata=133,254,1-131,401,1-132,766,1-134,1063,1-135,42656,1-149,40323,1-148,40465,1-150,42790,1-151,43515,1-131,1372,1-
clientOptionsVersion=3
connecttobnet=True
graphicsfullscreen=True
graphicsheight=1080
graphicsquality=2
graphicswidth=1920
hasseencinematic=True
hasseennewcinematic=True
innkeepersSpecialCacheAge=900
innkeepersSpecialLastDownloadTime=1525122017
innkeepersSpecialLastResponse=7B7D
innkeepersSpecialLastShownAd=ff8caba602bbe88d3beb22d3ccff91dcb2e97f7510be59192aa9a98e5eecf6d9,3
innkeepersSpecialViews=44
music=True
musicvolume=0.1304591
seasonEndThreshold=1
seenPackProductList=:99300230263000021482:99300230763000021498:99300230753000021497:99300154243000013895:99300154213000013892:99300093993000008238:99300087213000007650:99300087183000007647:99300078143000006869:99300230243000021480:99300154223000013893:99300087193000007648:99300044183000004104:99300044173000004003:99300044163000004002:99300044783000004096:99300044773000004095:99300230253000021481:99300093973000008236:99300093953000008234:99300087173000007646:99200034562000003756:99100015031000072383:99300093943000008233:99300093983000008237:99300087203000007649:99100015061000072386:99300154233000013894:99300154413000013873:99100015041000072384:99100015051000072385:99300278373000023795:99300270973000023602:99300293333000024181:99300282383000023916:99300284293000023943:99300290133000024079:99300293153000024146
showSetRotationIntroVisuals=False
sound=True
soundvolume=0.0867961
winposx=231
winposy=111
